200
13
1 49
3
3 38
7
1
19
9
7
7
16
9 67
8 21
13
13
7
10 134
8
8
18
10
1 43
6 187
19 125
16
16
3 150
1
7
1
1
6
13
16
17
12
2
8
7
6 67
1
18
15
17
5
4 159
6 171
17
2 112
8
8
11
3
13
15 81
13
5 68
10
2
7
11
6
9
10
16
14
15
1
15
18
1 141
18
18
19
8
14
8
12
11
10 136
16
4
9
19
18
1 95
2
7 130
6
14
12
17 162
10
15
18
4
11
1
10
19
17
1
9 189
12
17
9
4 184
13
8
16
10
17
15
13 170
18
12
8
16
1
15
2
19 196
18
5
17
6
17
5
10
3
14
17
19
13
4
12
12
13
12
6
16
11
3 186
7
5
1
18
11
1
6
13
16
12
9
8
18 193
19
16
5
11
14 187
16
1
13
9
6
10
9
17
8
19
10
11 182
17
1
1
14
16 183 185
1 198
12 194
10 187
14
15 197
17
10
6
10 190
10
1
5 195
16
1 192
14
3
14
11 197
4
14
6
2
